[gd_scene load_steps=5 format=2]

[ext_resource path="res://models/roundCornerC.glb" type="PackedScene" id=1]

[sub_resource type="BoxShape" id=1]
extents = Vector3( 0.168392, 0.146426, 0.106434 )

[sub_resource type="BoxShape" id=3]
extents = Vector3( 0.1107, 0.146426, 0.106434 )

[sub_resource type="BoxShape" id=2]
extents = Vector3( 0.168392, 0.146426, 0.101909 )

[node name="roundCornerC" instance=ExtResource( 1 )]

[node name="tmpParent" parent="." index="0"]
transform = Transform( 2, 0, 0, 0, 2, 0, 0, 0, 2, 0, 0, 0 )

[node name="StaticBody" type="StaticBody" parent="." index="1"]

[node name="CollisionShape" type="CollisionShape" parent="StaticBody" index="0"]
transform = Transform( 0.279175, 0, 0.96024, 0, 1, 0, -0.96024, 0, 0.279175, -0.829725, 0.145479, 0.523092 )
shape = SubResource( 1 )

[node name="CollisionShape3" type="CollisionShape" parent="StaticBody" index="1"]
transform = Transform( 0.418184, 0, 0.908362, 0, 1, 0, -0.908362, 0, 0.418184, -0.723784, 0.145479, 0.22312 )
shape = SubResource( 1 )

[node name="CollisionShape4" type="CollisionShape" parent="StaticBody" index="2"]
transform = Transform( 0.569452, 0, 0.822025, 0, 1, 0, -0.822025, 0, 0.569452, -0.563736, 0.145479, -0.0567878 )
shape = SubResource( 1 )

[node name="CollisionShape5" type="CollisionShape" parent="StaticBody" index="3"]
transform = Transform( 0.705241, 0, 0.708968, 0, 1, 0, -0.708968, 0, 0.705241, -0.339908, 0.145479, -0.330805 )
shape = SubResource( 1 )

[node name="CollisionShape6" type="CollisionShape" parent="StaticBody" index="4"]
transform = Transform( 0.79712, 0, 0.60382, 0, 1, 0, -0.60382, 0, 0.79712, -0.0905156, 0.145479, -0.544393 )
shape = SubResource( 1 )

[node name="CollisionShape7" type="CollisionShape" parent="StaticBody" index="5"]
transform = Transform( 0.906079, 0, 0.423109, 0, 1, 0, -0.423109, 0, 0.906079, 0.182313, 0.145479, -0.709062 )
shape = SubResource( 1 )

[node name="CollisionShape8" type="CollisionShape" parent="StaticBody" index="6"]
transform = Transform( 0.966273, 0, 0.257521, 0, 1, 0, -0.257521, 0, 0.966273, 0.474108, 0.145479, -0.81654 )
shape = SubResource( 1 )

[node name="CollisionShape9" type="CollisionShape" parent="StaticBody" index="7"]
transform = Transform( 0.999637, 0, 0.0269621, 0, 1, 0, -0.0269621, 0, 0.999637, 0.890168, 0.145479, -0.895342 )
shape = SubResource( 3 )

[node name="CollisionShape10" type="CollisionShape" parent="StaticBody" index="8"]
transform = Transform( 0.982317, 0, 0.187227, 0, 1, 0, -0.187227, 0, 0.982317, 0.711265, 0.145479, -0.870755 )
shape = SubResource( 3 )

[node name="CollisionShape2" type="CollisionShape" parent="StaticBody" index="9"]
transform = Transform( 0.0422941, 0, 0.999105, 0, 1, 0, -0.999105, 0, 0.0422941, -0.883281, 0.145479, 0.837987 )
shape = SubResource( 2 )
