[gd_scene load_steps=7 format=2]

[sub_resource type="BoxShape" id=2]
extents = Vector3( 0.0996039, 0.500754, 0.145997 )

[sub_resource type="BoxShape" id=3]
extents = Vector3( 0.0983532, 0.138074, 0.145997 )

[sub_resource type="BoxShape" id=4]
extents = Vector3( 0.100488, 0.132917, 0.145997 )

[sub_resource type="BoxShape" id=5]
extents = Vector3( 0.0987433, 0.132917, 0.145997 )

[sub_resource type="BoxShape" id=6]
extents = Vector3( 0.098121, 0.132917, 0.145997 )

[sub_resource type="BoxShape" id=7]
extents = Vector3( 0.0977552, 0.132917, 0.145997 )

[node name="RoundEndWalls" type="StaticBody"]
transform = Transform( 1, 0, 0, 0, -1.62921e-07, 1, 0, -1, -1.62921e-07, 0, 0, 0 )

[node name="CollisionShape" type="CollisionShape" parent="."]
transform = Transform( 1, 0, 0, 0, 1, 0, 0, 0, 1, -0.898554, -0.501171, 0.147384 )
shape = SubResource( 2 )

[node name="CollisionShape2" type="CollisionShape" parent="."]
transform = Transform( 0.992258, 0.12419, 2.02332e-08, -0.12419, 0.992258, -1.26127e-09, -2.02332e-08, -1.26128e-09, 1, -0.884498, 0.103077, 0.147384 )
shape = SubResource( 3 )

[node name="CollisionShape3" type="CollisionShape" parent="."]
transform = Transform( 0.920893, 0.389815, 6.35091e-08, -0.389815, 0.920893, -1.28882e-08, -6.35091e-08, -1.28882e-08, 1, -0.825589, 0.334058, 0.147384 )
shape = SubResource( 3 )

[node name="CollisionShape4" type="CollisionShape" parent="."]
transform = Transform( 0.79523, 0.606308, 9.87802e-08, -0.606308, 0.79523, -3.33613e-08, -9.87802e-08, -3.33613e-08, 1, -0.709638, 0.535625, 0.147384 )
shape = SubResource( 3 )

[node name="CollisionShape5" type="CollisionShape" parent="."]
transform = Transform( 0.600476, 0.799643, 1.30279e-07, -0.799643, 0.600476, -6.50908e-08, -1.30279e-07, -6.50908e-08, 1, -0.542432, 0.704933, 0.147384 )
shape = SubResource( 3 )

[node name="CollisionShape6" type="CollisionShape" parent="."]
transform = Transform( 0.38494, 0.922942, 1.50367e-07, -0.922942, 0.38494, -1.00206e-07, -1.50367e-07, -1.00206e-07, 1, -0.337034, 0.824967, 0.147384 )
shape = SubResource( 4 )

[node name="CollisionShape7" type="CollisionShape" parent="."]
transform = Transform( 0.134107, 0.990967, 1.61449e-07, -0.990967, 0.134107, -1.41072e-07, -1.61449e-07, -1.41072e-07, 1, -0.117364, 0.883123, 0.147384 )
shape = SubResource( 5 )

[node name="CollisionShape8" type="CollisionShape" parent="."]
transform = Transform( -1, -1.4243e-14, 8.74228e-08, 1.4243e-14, 1, 3.25842e-07, -8.74228e-08, 3.25842e-07, -1, 0.902383, -0.499259, 0.147384 )
shape = SubResource( 2 )

[node name="CollisionShape9" type="CollisionShape" parent="."]
transform = Transform( -0.992097, -0.125472, 6.69807e-08, -0.125472, 0.992097, 3.24667e-07, -1.07188e-07, 3.13697e-07, -1, 0.888028, 0.102111, 0.147384 )
shape = SubResource( 6 )

[node name="CollisionShape10" type="CollisionShape" parent="."]
transform = Transform( -0.924246, -0.381796, 2.52168e-08, -0.381796, 0.924246, 3.1274e-07, -1.4271e-07, 2.79421e-07, -1, 0.829077, 0.334058, 0.147384 )
shape = SubResource( 7 )

[node name="CollisionShape11" type="CollisionShape" parent="."]
transform = Transform( -0.79523, -0.606308, -1.13575e-08, -0.606308, 0.79523, 2.92481e-07, -1.68301e-07, 2.39476e-07, -1, 0.716412, 0.535625, 0.147384 )
shape = SubResource( 3 )

[node name="CollisionShape12" type="CollisionShape" parent="."]
transform = Transform( -0.600476, -0.799643, -4.28558e-08, -0.799643, 0.600476, 2.60751e-07, -1.82774e-07, 1.90844e-07, -1, 0.549205, 0.703619, 0.147384 )
shape = SubResource( 3 )

[node name="CollisionShape13" type="CollisionShape" parent="."]
transform = Transform( -0.38494, -0.922942, -6.29438e-08, -0.922942, 0.38494, 2.25636e-07, -1.84019e-07, 1.4495e-07, -1, 0.335266, 0.824967, 0.147384 )
shape = SubResource( 4 )

[node name="CollisionShape14" type="CollisionShape" parent="."]
transform = Transform( -0.134107, -0.990967, -7.40266e-08, -0.990967, 0.134107, 1.8477e-07, -1.73173e-07, 9.81368e-08, -1, 0.115596, 0.883123, 0.147384 )
shape = SubResource( 5 )
